959731200000,1
962323200000,1.024604
965001600000,1.0086220218872
967680000000,1.0710712578211548
970272000000,1.0145632519725232
972950400000,1.0102603877645824
975542400000,0.9306923806502827
978220800000,0.9351103773812296
980899200000,0.9681583937613729
983318400000,0.8799124020392931
985996800000,0.8242849559210504
988588800000,0.8881769314244029
991267200000,0.894062613495873
993859200000,0.8722510619770277
996537600000,0.8635754784643918
999216000000,0.8095309387984897
1001808000000,0.7441796918428224
1004486400000,0.7581664003150699
1007078400000,0.8162672693369747
1009756800000,0.8232913308163463
1012435200000,0.8111924884060685
1014854400000,0.7955857127638777
1017532800000,0.8253517566212254
1020124800000,0.7752564540068705
1022803200000,0.7695149047084956
1025395200000,0.714654571170527
1028073600000,0.659049514416919
1030752000000,0.6632991315908306
1033344000000,0.5912797038006141
1036022400000,0.6432237440354388
1038614400000,0.68084339225147
1041292800000,0.6408998763678784
1043971200000,0.6240379288006147
1046390400000,0.6146620709393499
1049068800000,0.6206405201061344
1051660800000,0.6716550606810903
1054339200000,0.7069054660653099
1056931200000,0.7158394080359899
1059609600000,0.7283645933262772
1062288000000,0.7425012032087689
1064880000000,0.7345435208134993
1067558400000,0.7760256908818083
1070150400000,0.7827923244960213
1072828800000,0.8237305626448169
1075507200000,0.8387330026361545
1078012800000,0.8503358672480225
1080691200000,0.8374059151514092
1083283200000,0.8242055507485114
1085961600000,0.8354777155427684
1088553600000,0.851627332688667
1091232000000,0.8234208392908855
1093910400000,0.8266210643827895
1096502400000,0.8355464226633562
1099180800000,0.8482514909024484
1101772800000,0.8824804743639404
1104451200000,0.9124489817850552
1107129600000,0.8901720873641621
1109548800000,0.908836503554344
1112227200000,0.8928455252743053
1114819200000,0.8758807460176733
1117497600000,0.9036756828475744
1120089600000,0.9048884156139558
1122768000000,0.9383943524007846
1125446400000,0.9298848985737791
1128038400000,0.9373250936242477
1130716800000,0.9216088700469405
1133308800000,0.9563218211025806
1135987200000,0.9565188233977276
1138665600000,0.9818738417608253
1141084800000,0.9844782621260959
1143763200000,0.9966227859676834
1146355200000,1.0099275008357949
1149033600000,0.9808571416952367
1151625600000,0.9820835073794983
1154304000000,0.9881076076137641
1156982400000,1.011508960084881
1159574400000,1.0374472866501296
1162252800000,1.0711210619144054
1164844800000,1.0913718909351715
1167523200000,1.1066422572959473
1170201600000,1.1232512976145737
1172620800000,1.1013399222268763
1175299200000,1.1135339578457724
1177891200000,1.1627215365987147
1180569600000,1.2031368070336568
1183161600000,1.1830604240757283
1185840000000,1.1465568580787868
1188518400000,1.1637071702176152
1191110400000,1.2070333846134211
1193788800000,1.2261575008558978
1196380800000,1.1749491173004027
1199059200000,1.1668309238693273
1201737600000,1.0969676224012057
1204243200000,1.0613274734396771
1206921600000,1.0567210999394543
1209513600000,1.107988135447237
1212192000000,1.1222749776609477
1214784000000,1.0277790878594026
1217462400000,1.0191355685084138
1220140800000,1.0338444464280252
1222732800000,0.9418489355915185
1225411200000,0.7839113236160059
1228003200000,0.7277925229987185
1230681600000,0.7356319401601993
1233360000000,0.6737180664221682
1235779200000,0.6022050495692676
1238457600000,0.6548540906584649
1241049600000,0.7174073905333881
1243728000000,0.7574776781464572
1246320000000,0.7591073913709893
1248998400000,0.8164001867165842
1251676800000,0.8457745919947216
1254268800000,0.8773006707564064
1256947200000,0.8609656831871905
1259539200000,0.9124709749627927
1262217600000,0.9300468083883311
1264896000000,0.8965955358169855
1267315200000,0.9243725138143636
1269993600000,0.980007075242549
1272585600000,0.99536457011726
1275264000000,0.9159478153071422
1277856000000,0.8680943964807651
1280534400000,0.9288190752750687
1283212800000,0.8868821509711391
1285804800000,0.9657453969115796
1288483200000,1.0023445399419568
1291075200000,1.0024288371177659
1293753600000,1.0691917003415299
1296432000000,1.0944448321927265
1298851200000,1.131816073766229
1301529600000,1.1321933080636153
1304121600000,1.1656483749042563
1306800000000,1.1523684926634845
1309392000000,1.13315447660106
1312070400000,1.1100620348378547
1314748800000,1.0496795444156286
1317340800000,0.9759810187624351
1320019200000,1.082350066858093
1322611200000,1.079942379134367
1325289600000,1.0908851112794218
1327968000000,1.1396804023069504
1330473600000,1.1888217117338227
1333152000000,1.2277449233976998
1335744000000,1.220010744252756
1338422400000,1.1466658943276198
1341014400000,1.1938685105342057
1343692800000,1.2103700416999585
1346371200000,1.237523241141447
1348963200000,1.269374119312649
1351641600000,1.2458460161363654
1354233600000,1.253044888171406
1356912000000,1.264494084619117
1359590400000,1.3298791769936447
1362009600000,1.3479042263706988
1364688000000,1.3983681431209463
1367280000000,1.4252684112533496
1369958400000,1.458472034269272
1372550400000,1.4388526684642817
1375228800000,1.512017751114623
1377907200000,1.4681187349394118
1380499200000,1.5141397061116841
1383177600000,1.5837182109567813
1385769600000,1.6317775654146547
1388448000000,1.6730200906694839
1391126400000,1.6151556793975166
1393545600000,1.6889733009285892
1396224000000,1.7030677831248382
1398816000000,1.715560977461507
1401494400000,1.755666161099918
1404086400000,1.79179074803071
1406764800000,1.767051313993575
1409443200000,1.837631584397632
1412035200000,1.8118183735315985
1414713600000,1.8559533632016416
1417305600000,1.9057537886057585
1419984000000,1.9009230839024007
1422662400000,1.8437870387695463
1425081600000,1.9496082458004622
1427760000000,1.9187018861230858
1430352000000,1.9369779053287854
1433030400000,1.9618074440038236
1435622400000,1.9237399438181402
1438300800000,1.9641155901329896
1440979200000,1.8455873030267933
1443571200000,1.7997877621910712
1446249600000,1.9515512656623089
1448841600000,1.9572447213247521
1451520000000,1.9263030309742735
1454198400000,1.830654958165186
1456704000000,1.8281180365241607
1459382400000,1.9520584066109783
1461974400000,1.959521711516974
1464652800000,1.9945705006578514
1467244800000,1.9996051955156118
1469923200000,2.0732638522607423
1472601600000,2.0761114801618223
1475193600000,2.076347118814821
1477872000000,2.0383750903406472
1480464000000,2.113842258985347
1483142400000,2.155531033248604
1485820800000,2.1963119559728415
1488240000000,2.283534971205173